2027,724 16570781
2032,729 16570781
2036,733 54738296
2037,678 1604570843
2037,679 1604566421
2037,680 1600608281
2037,681 1602929781
2037,682 1602934781
2037,683 1602931359
2037,684 1600621203
2038,676 18878750
2038,677 1604563015
2038,678 1604564937
2038,679 1604564593
2038,680 1600585843
2038,681 1602923890
2038,682 1602928906
2038,683 1602927640
2038,684 1600620453
2038,685 1601512187
2038,686 1601513578
2039,675 18873437
2039,676 18877187
2039,677 1604554875
2039,678 1604559531
2039,679 1604556437
2039,680 1600563437
2039,681 1602909312
2039,682 1602914375
2039,683 1602913015
2039,684 1600619687
2039,685 1601499296
2039,686 1601511312
2040,675 18866500
2040,676 18867812
2040,677 1604544078
2040,678 1604551484
2040,679 1604545609
2040,680 1600567140
2040,681 1602898421
2040,682 1602905609
2040,683 1602902343
2040,684 30591640
2040,685 1601502890
2040,686 1601492078
2040,737 16570984
2041,674 18854640
2041,675 18865656
2041,676 18864921
2041,677 1604532968
2041,678 1604538125
2041,679 1604536671
2041,680 1600567890
2041,681 1602887531
2041,682 1602894937
2041,683 1602889093
2041,684 30590312
2041,685 1601506484
2041,686 1601507718
2042,675 18853578
2042,676 18861390
2042,677 1604514968
2042,678 1604522390
2042,679 1604518843
2042,680 1600985984
2042,681 1602874546
2042,682 1602884046
2042,683 1602878156
2042,684 30586687
2042,685 20681625
2042,686 20680875
2043,674 18845265
2043,675 18850562
2043,676 18855671
2043,677 1604503390
2043,678 1604514125
2043,679 1604510562
2043,680 1600967875
2043,681 1602864015
2043,682 1602873390
2043,683 1602867531
2043,684 22057687
2043,685 20677937
2043,686 20673812
2044,674 18849000
2044,675 18849843
2044,676 8326000
2044,677 1604495343
2044,678 1604502500
2044,679 1604498796
2044,680 1600967015
2044,681 1602848609
2044,682 1602862843
2044,683 1602856921
2044,684 22054218
2044,685 20670984
2044,686 20666718
2045,673 12002812
2045,674 12009765
2045,675 24334062
2045,676 1602621625
2045,677 1604486000
2045,678 1604494453
2045,679 1604491000
2045,680 1600960593
2045,681 1602849875
2045,682 1602845125
2045,683 1602855546
2045,684 20652328
2045,685 20661484
2045,686 20660328
2046,674 12001781
2046,675 24322984
2046,676 1602572453
2046,677 1604478296
2046,678 1604485140
2046,679 1604483781
2046,680 1600946406
2046,681 1602839656
2046,682 1602842015
2046,683 1604079093
2046,684 1604081140
2046,685 1604080406
2046,686 20654406
2047,674 20736750
2047,675 24317015
2047,676 1602555906
2047,677 1604469421
2047,678 1604477031
2047,679 1604473343
2047,680 1600930703
2047,681 1602831828
2047,682 1602833750
2047,683 1604064093
2047,684 1604078250
2047,685 1604074953
2047,686 20654046
2048,674 20726093
2048,675 34052953
2048,676 1602547250
2048,677 1604440890
2048,678 1604465937
2048,679 1604462312
2048,680 1600906687
2048,681 1602812671
2048,682 1604058437
2048,683 1604063250
2048,684 1604062187
2048,685 1604069015
2048,686 146404984
2049,673 11980843
2049,674 20714765
2049,675 34056718
2049,676 1602534265
2049,677 1604442140
2049,678 1604418203
2049,679 1604458750
2049,680 1600902359
2049,681 1602801671
2049,682 1604040562
2049,683 1604054921
2049,684 1604051437
2049,685 1604067781
2049,686 146396718
2050,674 20688062
2050,675 34044203
2050,676 1602523703
2050,677 1604448078
2050,678 1604451625
2050,679 1604455046
2050,680 1600896453
2050,681 1602788906
2050,682 1604044062
2050,683 1604037140
2050,684 1604047812
2050,685 146385421
2050,686 146395937
2051,674 20688937
2051,675 34009843
2051,676 1602514968
2051,677 1602522437
2051,678 1602518656
2051,679 1600894953
2051,680 1600892937
2051,681 1602772781
2051,682 1604031750
2051,683 1604034062
2051,684 1604033328
2051,685 35732281
2051,686 146395156
2052,674 20690390
2052,675 34015546
2052,676 1602503968
2052,677 1602511359
2052,678 1602505515
2052,679 1600891437
2052,680 1602767625
2052,681 1602771906
2052,682 1604023578
2052,683 1604025890
2052,684 1604025171
2052,685 35730937
2052,686 16571734
2053,674 8234921
2053,675 34019312
2053,676 1602491218
2053,677 1602500593
2053,678 1602494750
2053,679 1600884328
2053,680 1602759156
2053,681 1602766406
2053,682 1603781734
2053,683 1604020093
2053,684 1604016468
2053,685 35730125
2053,686 153196515
2053,744 22936250
2054,674 8237609
2054,675 24239781
2054,676 1602458546
2054,677 1602467953
2054,678 1602464234
2054,679 1600877203
2054,680 1602748234
2054,681 1602755625
2054,682 1603998546
2054,683 1603769328
2054,684 1604012921
2054,685 21448234
2054,686 2314125
2055,674 8241140
2055,675 24243343
2055,676 1602447937
2055,677 1602454968
2055,678 1602451453
2055,679 1600865031
2055,680 1602728046
2055,681 1602744718
2055,682 1604002031
2055,683 1604005812
2055,684 1604009421
2055,685 21444921
2055,686 2307546
2055,708 385416203
2055,709 385418375
2055,710 385417546
2055,711 23888406
2055,712 385860750
2055,713 385863140
2055,714 1604707281
2055,715 1604709593
2055,716 1604708859
2055,717 1601065265
2055,718 1601067593
2055,719 1605878750
2055,720 1605880812
2055,721 1605880046
2055,722 37305093
2056,674 148361437
2056,675 24249109
2056,676 1602432218
2056,677 1602444406
2056,678 1602442953
2056,679 1600857921
2056,680 1602733890
2056,681 1602726687
2056,682 1602737578
2056,683 12752312
2056,684 12753515
2056,685 12759296
2056,686 2302750
2056,708 385410609
2056,709 385415359
2056,710 385414140
2056,711 23885890
2056,712 385852562
2056,713 385859812
2056,714 1604688046
2056,715 1604706437
2056,716 1604691625
2056,717 1601058750
2056,718 1601064421
2056,719 1605864046
2056,720 1605877734
2056,721 1605871734
2056,722 37304250
2057,672 384473171
2057,673 1602986593
2057,674 1602987953
2057,675 1602423968
2057,676 1602428843
2057,677 1602428093
2057,678 1602439406
2057,679 1600854000
2057,680 1602278031
2057,681 1602280468
2057,682 1602279703
2057,683 1603760640
2057,684 1603762921
2057,685 1603762187
2057,686 1601456515
2057,687 1601980765
2057,688 1601980015
2057,689 1603534078
2057,690 1603536375
2057,691 1603535640
2057,692 386039640
2057,693 386359828
2057,694 386359046
2057,695 1601462109
2057,696 1604347875
2057,697 1604388390
2057,698 1604387656
2057,699 1604832671
2057,700 1604831906
2057,701 1604339984
2057,702 1604342312
2057,703 1604341546
2057,704 1603185671
2057,705 1603184921
2057,706 1603332234
2057,707 1603334562
2057,708 1603333828
2057,709 385409765
2057,710 385403875
2057,711 23878718
2057,712 385841671
2057,713 385846812
2057,714 1604671406
2057,715 1604684453
2057,716 1604677265
2057,717 1601026765
2057,718 1601057609
2057,719 1605864578
2057,720 1605863296
2057,721 1605870437
2057,722 37303421
2058,672 384463718
2058,673 1602978531
2058,674 1602985718
2058,675 1602412218
2058,676 1602423093
2058,677 1602415968
2058,678 1602436140
2058,679 1600853250
2058,680 1602266468
2058,681 1602277156
2058,682 1602270234
2058,683 1603750437
2058,684 1603759796
2058,685 1603753937
2058,686 1601452687
2058,687 1601978515
2058,688 1601975031
2058,689 1603525921
2058,690 1603533218
2058,691 1603527359
2058,692 386033828
2058,693 386357500
2058,694 386353734
2058,695 1601467265
2058,696 1604366671
2058,697 1604347125
2058,698 1604386937
2058,699 1604830437
2058,700 1604828953
2058,701 1604329718
2058,702 1604339109
2058,703 1604335562
2058,704 1603182468
2058,705 1603178984
2058,706 1603313390
2058,707 1603331343
2058,708 1603327859
2058,709 385386140
2058,710 385402687
2058,711 34579859
2058,712 385813843
2058,713 385838171
2058,714 1604662750
2058,715 1604670250
2058,716 1604664312
2058,717 1601032640
2058,718 1601023203
2058,719 1605850359
2058,720 1605852890
2058,721 1605852000
2058,722 28792156
2059,672 384456625
2059,673 1602971171
2059,674 1602975000
2059,675 1602399296
2059,676 1602406359
2059,677 1602402843
2059,678 386212859
2059,679 386222375
2059,680 1602258187
2059,681 1602265609
2059,682 1602262140
2059,683 1603741750
2059,684 1603749296
2059,685 1603745437
2059,686 1601441718
2059,687 1601971156
2059,688 1601967656
2059,689 1603514828
2059,690 1603522093
2059,691 1603518734
2059,692 1604411640
2059,693 1604410859
2059,694 1601790265
2059,695 1601470812
2059,696 1604372359
2059,697 1604376171
2059,698 1604379734
2059,699 1604819734
2059,700 1604825625
2059,701 1604320968
2059,702 1604326109
2059,703 1604324875
2059,704 1603169265
2059,705 1603165718
2059,706 1603320890
2059,707 1603309890
2059,708 1603327125
2059,709 385389703
2059,710 385399140
2059,711 34568968
2059,712 385802937
2059,713 385810328
2059,714 1604649671
2059,715 1604659125
2059,716 1604655343
2059,717 1601036265
2059,718 1601043234
2059,719 1605837140
2059,720 1605846593
2059,721 1605840703
2059,722 28781437
2060,672 384450984
2060,673 1602947546
2060,674 1602967875
2060,675 1602390656
2060,676 1602395718
2060,677 1602394359
2060,678 386202171
2060,679 386211625
2060,680 1602247843
2060,681 1602257343
2060,682 1602253468
2060,683 1603728453
2060,684 1603737968
2060,685 1603734390
2060,686 1601431281
2060,687 1601962000
2060,688 1601960656
2060,689 1603503953
2060,690 1603511218
2060,691 1603507656
2060,692 1604409359
2060,693 1604405843
2060,694 1601796125
2060,695 1601788046
2060,696 1601789390
2060,697 1604808875
2060,698 1604818234
2060,699 1604814750
2060,700 1604821140
2060,701 1604310062
2060,702 1604317468
2060,703 1604313953
2060,704 1603132484
2060,705 1603128968
2060,706 1603324390
2060,707 1603325640
2060,708 1603326375
2060,709 37370265
2060,710 37366859
2060,711 34558187
2060,712 385792046
2060,713 385799421
2060,714 1604620609
2060,715 1604627703
2060,716 1604626453
2060,717 385129140
2060,718 385128296
2060,719 1604954828
2060,720 1605833531
2060,721 1604958515
2060,722 28775171
2061,672 384413640
2061,673 1602953281
2061,674 1602946375
2061,675 1602379562
2061,676 1602386984
2061,677 1602381125
2061,678 386172375
2061,679 386200765
2061,680 1602237968
2061,681 1602246453
2061,682 1602242796
2061,683 1603545953
2061,684 1603724906
2061,685 1603590796
2061,686 1601418062
2061,687 1601957031
2061,688 1601953468
2061,689 1603493078
2061,690 1603500500
2061,691 1603494656
2061,692 1604394109
2061,693 1604404625
2061,694 1601799703
2061,695 1601783734
2061,696 1601787187
2061,697 1604788828
2061,698 1604807625
2061,699 1604803859
2061,700 1602310031
2061,701 1604298953
2061,702 1604306546
2061,703 1604302687
2061,704 1603123718
2061,705 1603118000
2061,706 384961812
2061,707 384960593
2061,708 37352265
2061,709 37361015
2061,710 385305968
2061,711 385308640
2061,712 385307812
2061,713 385791109
2061,714 1604594593
2061,715 1604617062
2061,716 1604615781
2061,717 385116312
2061,718 385122625
2061,719 1604943828
2061,720 1604951312
2061,721 1604947531
2061,722 28766703
2062,672 384414453
2062,673 1602960468
2062,674 1602964171
2062,675 1602366562
2062,676 1602373703
2062,677 1602372671
2062,678 386175906
2062,679 386166671
2062,680 1602230812
2062,681 1602237109
2062,682 1602235640
2062,683 1603549437
2062,684 1603540015
2062,685 1603563812
2062,686 1601409734
2062,687 1601943921
2062,688 1601942671
2062,689 1603482218
2062,690 1603489671
2062,691 1603486093
2062,692 1604395250
2062,693 1604398781
2062,694 1601811906
2062,695 1601772796
2062,696 1601780000
2062,697 1604792390
2062,698 1604785656
2062,699 1604800593
2062,700 1602306359
2062,701 1604273218
2062,702 1604295421
2062,703 1604289546
2062,704 1603110937
2062,705 1603109796
2062,706 384946203
2062,707 384953390
2062,708 37344156
2062,709 37351312
2062,710 385285828
2062,711 385302171
2062,712 385291500
2062,713 385783781
2062,714 1604598078
2062,715 1604587281
2062,716 1604609859
2062,717 385105281
2062,718 385121406
2062,719 1604932953
2062,720 1604940406
2062,721 1604936640
2062,722 28759187
2063,672 384415265
2063,673 1603264953
2063,674 1603270921
2063,675 1602357843
2063,676 1602365406
2063,677 1602361515
2063,678 386179625
2063,679 386180812
2063,680 1602222796
2063,681 1602229953
2063,682 1602228718
2063,683 1603550687
2063,684 1603556625
2063,685 1603560187
2063,686 1601406265
2063,687 1601928453
2063,688 1601939109
2063,689 1604754218
2063,690 1604782078
2063,691 1604757875
2063,692 385993468
2063,693 1601821125
2063,694 1601824609
2063,695 1603283343
2063,696 1603302906
2063,697 1604793140
2063,698 1604793875
2063,699 1604796953
2063,700 1600418078
2063,701 1604260312
2063,702 1604269906
2063,703 1604266203
2063,704 1603098578
2063,705 1603095234
2063,706 384936593
2063,707 384949859
2063,708 37332093
2063,709 37338312
2063,710 385277250
2063,711 385284593
2063,712 385281093
2063,713 385771765
2063,714 1604599328
2063,715 1604602859
2063,716 1604608515
2063,717 385092000
2063,718 385315515
2063,719 1604922125
2063,720 1604929375
2063,721 1604925984
2063,722 28751406
2064,672 384641031
2064,673 1603256296
2064,674 1603263890
2064,675 1602346937
2064,676 1602354328
2064,677 1602350625
2064,678 384555843
2064,679 32825078
2064,680 1602214125
2064,681 1602221640
2064,682 1602218000
2064,683 385702531
2064,684 1601386687
2064,685 1601388968
2064,686 1601388234
2064,687 1601929703
2064,688 1601935640
2064,689 1604745953
2064,690 1604753343
2064,691 1604747500
2064,692 385984515
2064,693 1601826140
2064,694 1601831812
2064,695 1603284828
2064,696 1603280000
2064,697 1603301421
2064,698 1601080531
2064,699 1601095953
2064,700 1600427578
2064,701 1604251718
2064,702 1604259140
2064,703 1604253265
2064,704 1603085625
2064,705 1603073218
2064,706 384928281
2064,707 18722718
2064,708 37315015
2064,709 37331250
2064,710 385266562
2064,711 385273734
2064,712 385270421
2064,713 385772890
2064,714 385773703
2064,715 385077750
2064,716 385087000
2064,717 385081312
2064,718 33243109
2064,719 1604911390
2064,720 1604916453
2064,721 1604915312
2064,722 28742031
2065,672 384631734
2065,673 1603249343
2065,674 1603252796
2065,675 1602322312
2065,676 1602341078
2065,677 1602339625
2065,678 384545187
2065,679 32814093
2065,680 1602197578
2065,681 1602208203
2065,682 1602204687
2065,683 385691875
2065,684 1601343625
2065,685 1601368468
2065,686 1601364734
2065,687 386673468
2065,688 33905296
2065,689 1604724828
2065,690 1604745093
2065,691 1604739234
2065,692 385973843
2065,693 1601833281
2065,694 1601839203
2065,695 1603288437
2065,696 1603294343
2065,697 1603295562
2065,698 1601090953
2065,699 1601092421
2065,700 384254890
2065,701 1604240828
2065,702 1604248296
2065,703 1604244531
2065,704 1603063687
2065,705 1603062546
2065,706 384915265
2065,707 18633406
2065,708 37315843
2065,709 37314171
2065,710 385257437
2065,711 385263046
2065,712 385259078
2065,713 34516093
2065,714 34365203
2065,715 385069156
2065,716 385074234
2065,717 385072812
2065,718 32014937
2065,719 1604898375
2065,720 1604905500
2065,721 1604904265
2065,722 28736421
2065,746 16575109
2066,672 384626000
2066,673 1603242109
2066,674 1603245593
2066,675 1602328187
2066,676 1602321062
2066,677 1602336765
2066,678 384534515
2066,679 32808203
2066,680 1602198343
2066,681 1602194000
2066,682 1602203453
2066,683 385680671
2066,684 1601344781
2066,685 1601339921
2066,686 1601361343
2066,687 386658828
2066,688 1603436453
2066,689 1604725578
2066,690 1604723625
2066,691 1604738234
2066,692 385970031
2066,693 1601843234
2066,694 1601844250
2066,695 1601756281
2066,696 1601731234
2066,697 1601740828
2066,698 1601734750
2066,699 386415843
2066,700 384234531
2066,701 1604229937
2066,702 1604237375
2066,703 1604233875
2066,704 1603047625
2066,705 1603044062
2066,706 386933812
2066,707 386928125
2066,708 37316687
2066,709 37319140
2066,710 385226890
2066,711 385253859
2066,712 385230859
2066,713 34507656
2066,714 31962890
2066,715 385058234
2066,716 385065609
2066,717 385059734
2066,718 32013703
2066,719 1604889671
2066,720 1604897125
2066,721 1604893546
2066,722 28735656
2067,672 384617984
2067,673 1603234812
2067,674 1603238500
2067,675 1602331562
2067,676 1602335250
2067,677 1602336031
2067,678 384531015
2067,679 32804609
2067,680 1602092781
2067,681 1602146312
2067,682 1602094343
2067,683 385653609
2067,684 1601350625
2067,685 1601351890
2067,686 1601357765
2067,687 1603430640
2067,688 1603435593
2067,689 1604726937
2067,690 1604730828
2067,691 1604734531
2067,692 385966531
2067,693 1601847828
2067,694 1601851390
2067,695 1601854921
2067,696 1601720656
2067,697 1601729843
2067,698 1601726546
2067,699 386407437
2067,700 384228562
2067,701 1604216875
2067,702 1604223984
2067,703 1604222750
2067,704 1603036734
2067,705 1603032968
2067,706 386926562
2067,707 386923078
2067,708 22992703
2067,709 23000062
2067,710 385193906
2067,711 385223375
2067,712 385219828
2067,713 34501750
2067,714 31977265
2067,715 385047328
2067,716 385054656
2067,717 385051156
2067,718 9596765
2067,719 1604878562
2067,720 1604886031
2067,721 1604882453
2067,722 383488640
2068,672 384597937
2068,673 1603223828
2068,674 1603231234
2068,675 1603225375
2068,676 384517968
2068,677 384523859
2068,678 384527484
2068,679 30069640
2068,680 1602080656
2068,681 1602089156
2068,682 1602085625
2068,683 385670265
2068,684 385523937
2068,685 386629593
2068,686 386647921
2068,687 1603419625
2068,688 1603427125
2068,689 1603423546
2068,690 1603439843
2068,691 384725531
2068,692 386277234
2068,693 386284703
2068,694 1601858468
2068,695 1601864312
2068,696 1601712093
2068,697 1601719515
2068,698 1601716015
2068,699 386398734
2068,700 384215359
2068,701 1604154625
2068,702 1604180171
2068,703 1604179015
2068,704 1603023421
2068,705 1603022171
2068,706 386919312
2068,707 386830343
2068,708 22984640
2068,709 22991734
2068,710 385197453
2068,711 385190406
2068,712 385216015
2068,713 34500328
2068,714 31982781
2068,715 385036578
2068,716 385043953
2068,717 385038078
2068,718 10944750
2068,719 1604846296
2068,720 1604872671
2068,721 1604871187
2068,722 383480859
2069,672 384598781
2069,673 1603201531
2069,674 1603220343
2069,675 1603216640
2069,676 33568812
2069,677 33563125
2069,678 26859890
2069,679 30043906
2069,680 1602074703
2069,681 1602079781
2069,682 1602078625
2069,683 35567046
2069,684 386624234
2069,685 386628625
2069,686 386627812
2069,687 1603404921
2069,688 1603416031
2069,689 1603412328
2069,690 383896781
2069,691 384720515
2069,692 386264187
2069,693 386273750
2069,694 1601865765
2069,695 1601871421
2069,696 1601697531
2069,697 1601704687
2069,698 1601701203
2069,699 386395406
2069,700 384206515
2069,701 1604145921
2069,702 1604151062
2069,703 1604149625
2069,704 1603000750
2069,705 1603016328
2069,706 386803703
2069,707 386800156
2069,708 22970953
2069,709 34305546
2069,710 385208171
2069,711 385208984
2069,712 385212531
2069,713 16576609
2069,714 23558890
2069,715 385014953
2069,716 385033031
2069,717 385029500
2069,718 10865265
2069,719 1604850078
2069,720 1604840640
2069,721 1604867843
2069,722 383472953
2070,672 384599593
2070,673 1603204890
2070,674 1603197953
2070,675 1603213750
2070,676 33558218
2070,677 33552296
2070,678 26849015
2070,679 30018875
2070,680 1602066500
2070,681 1602073843
2070,682 1602070250
2070,683 32653781
2070,684 386609968
2070,685 386619328
2070,686 386613546
2070,687 1603393937
2070,688 1603401437
2070,689 1603395546
2070,690 383893125
2070,691 384713468
2070,692 386245156
2070,693 386260656
2070,694 1601872890
2070,695 1601878593
2070,696 1601686625
2070,697 1601691765
2070,698 1601690328
2070,699 386391687
2070,700 384172500
2070,701 1604127859
2070,702 1604138968
2070,703 1604131781
2070,704 1603009890
2070,705 1603015109
2070,706 386772953
2070,707 386796437
2070,708 34852156
2070,709 34306781
2070,710 34301843
2070,711 34310359
2070,712 16576984
2070,713 16577000
2070,714 23562421
2070,715 385020843
2070,716 385013734
2070,717 385023609
2070,718 10868859
2070,719 1604853484
2070,720 1604856968
2070,721 1604858390
2070,722 383472109
2071,672 36983812
2071,673 1603206328
2071,674 1603212281
2071,675 1603213015
2071,676 33529703
2071,677 33550890
2071,678 26837921
2071,679 30020250
2071,680 1602055781
2071,681 1602060843
2071,682 1602059703
2071,683 32644406
2071,684 386601296
2071,685 386608859
2071,686 386602890
2071,687 1603385625
2071,688 1603393031
2071,689 1603389484
2071,690 1601565937
2071,691 1601568234
2071,692 1601567484
2071,693 1601890843
2071,694 1601882390
2071,695 1601883625
2071,696 1601668156
2071,697 1601682937
2071,698 1601679296
2071,699 384185250
2071,700 384190234
2071,701 1604099375
2071,702 1604121984
2071,703 1604118406
2071,704 384848187
2071,705 386786031
2071,706 386789562
2071,707 386793093
2071,708 34843890
2071,709 34307640
2071,710 34308359
2071,711 34309078
2071,712 16577359
2071,713 16577375
2071,714 23563250
2071,715 385021656
2071,716 385022484
2071,717 385023265
2071,718 10869625
2071,719 10870421
2071,720 383469828
2071,721 383470546
2071,722 383471375
2072,672 36970750
2072,673 36982968
2072,674 36973406
2072,675 33540500
2072,676 33543984
2072,677 33547515
2072,678 26826687
2072,679 30026218
2072,680 1602042937
2072,681 1602052328
2072,682 1602049250
2072,683 37418468
2072,684 386590437
2072,685 386597796
2072,686 386592046
2072,687 1603375250
2072,688 1603384750
2072,689 1603381187
2072,690 1601560812
2072,691 1601565078
2072,692 1601562390
2072,693 1601896484
2072,694 1601889484
2072,695 1601662078
2072,696 1601667265
2072,697 1601666484
2072,698 1601675750
2072,699 29205531
2072,700 37104296
2072,701 1604100640
2072,702 1604093515
2072,703 1604117187
2072,704 384819671
2072,705 384840843
2072,706 36170609
2072,707 34827265
2072,708 34843171
2073,672 36935781
2073,673 36969890
2073,674 36957859
2073,675 10724312
2073,676 10548812
2073,677 16705984
2073,678 26815593
2073,679 26822906
2073,680 1602034250
2073,681 1602041890
2073,682 1602038187
2073,683 37422250
2073,684 386506984
2073,685 386584531
2073,686 386582890
2073,687 1603349187
2073,688 1603373796
2073,689 1603370296
2073,690 1601552750
2073,691 1601557390
2073,692 1601554328
2073,693 1601897921
2073,694 1601903640
2073,695 1601651359
2073,696 1601658765
2073,697 1601655140
2073,698 1601671921
2073,699 29367765
2073,700 37107828
2073,701 1604106562
2073,702 1604110000
2073,703 1604111328
2073,704 384833859
2073,705 384835250
2073,706 36156000
2073,707 34841484
2073,708 34842328
2074,672 36936500
2074,673 36934937
2074,674 36951968
2074,675 10713468
2074,676 10720875
2074,677 154001890
2074,678 26793734
2074,679 26812078
2074,680 1602015156
2074,681 1602030796
2074,682 1602024937
2074,683 37425781
2074,684 386510312
2074,685 386503187
2074,686 386522296
2074,687 1603352687
2074,688 1603345312
2074,689 1603366937
2074,690 1601533484
2074,691 1601549343
2074,692 1601545781
2074,693 1601907250
2074,694 1601910828
2074,695 1601632203
2074,696 1601647453
2074,697 1601641718
2074,698 29369343
2074,699 29375046
2074,700 37111546
2074,701 37115140
2074,702 37118671
2074,703 25457750
2074,704 36127187
2074,705 36141453
2074,706 36135750
2074,707 29924296
2074,708 29942453
2075,672 36937328
2075,673 36939796
2075,674 36943546
2075,675 10709671
2075,676 10714953
2075,677 16578187
2075,678 26799671
2075,679 26790187
2075,680 1602018781
2075,681 1602009265
2075,682 1602023781
2075,683 28965359
2075,684 386513843
2075,685 386517390
2075,686 386518750
2075,687 1603356343
2075,688 1603359859
2075,689 1603363421
2075,690 1601537296
2075,691 1601527796
2075,692 1601542296
2075,693 1601914625
2075,694 1601918031
2075,695 1601635593
2075,696 1601626328
2075,697 1601638218
2075,698 151230921
2075,699 8588500
2075,700 20817859
2075,701 25449109
2075,702 25442296
2075,703 25453953
2075,704 36128609
2075,705 36123859
2075,706 36132156
2075,707 29940906
2075,708 29941703
2076,672 144248484
2076,673 10701843
2076,674 10702578
2076,675 10703375
2076,676 135338250
2076,677 16578390
2076,678 26800562
2076,679 26801375
2076,680 1602019515
2076,681 1602020296
2076,682 1602021046
2076,683 28962781
2076,684 23317156
2076,685 23317968
2076,686 23220234
2076,687 23221015
2076,688 23221765
2076,689 8685031
2076,690 1601538031
2076,691 1601538781
2076,692 1601539531
2076,693 1601919515
2076,694 1601920265
2076,695 1601636328
2076,696 1601637093
2076,697 1601637859
2076,698 151230546
2076,699 151232531
2076,700 18014265
2076,701 25449890
2076,702 25450671
2076,703 25451437
2076,704 36129328
2076,705 36130046
2076,706 36130781
2076,707 145620281
2076,708 56530546
